43727.61191
30948.28705
25288.1337
21912.54828
19590.9812
17864.31116
16521.38703
15447.22201
14565.72409
13823.13915
13183.15291
12129.61779
11298.78626
10618.53139
10049.47781
9564.379837
8958.698131
8457.730489
7904.426358
7445.647752
7055.403359
6642.556965
6229.748892
5832.059087
5459.952644
5151.195697
4834.74849
4544.749459
4278.518406
4000.32562
3755.592394
3528.40254
3305.408916
3098.881673
2900.729559
2713.000138
2542.317176
2385.48511
2242.003878
2106.035424
1974.359456
1849.901205
1725.516403
1609.032441
1499.178511
1399.309957
1305.526081
1225.609961
1154.136566
1087.573914
1023.001388
958.6891571
898.6082178
842.6587909
788.0938767
740.9883214
699.6771839
660.2573143
615.5233072
572.4157205
527.2307155
482.1194931
449.5958145
422.0513401
398.9442921
379.342029
363.111257
340.1880706
314.5426049
291.2183578
274.0185399
257.2680188
238.9060366
225.4916603
215.423665
202.5163554
187.269396
171.0893278
153.7646264
137.5744893
127.2286949
123.1767959
118.7186877
117.8993548
121.9491986
127.5228283
137.8007035
148.2008889
162.7267195
175.2005235
187.9923034
