42175.33877
29821.8801
24349.30312
21087.04578
18860.78994
17217.4442
15940.24095
14910.71957
14057.95353
13336.53988
12715.88729
11696.90861
10889.22491
10228.64256
9675.324879
9203.067854
8608.679687
8116.339566
7574.625437
7128.660364
6753.199699
6357.926574
5964.263163
5586.043718
5231.003893
4936.058101
4629.164555
4349.884394
4096.271077
3833.971827
3603.141378
3387.472077
3178.961199
2989.613271
2805.351746
2630.722099
2472.265079
2321.584815
2180.749191
2048.135056
1922.954377
1804.866976
1695.103414
1591.743088
1494.80659
1403.452361
1317.284668
1237.196072
1161.673092
1090.739631
1024.068112
961.7279453
902.8480495
847.7243624
796.0152518
747.4059349
701.8269095
658.8882765
618.6711694
580.9005895
545.4276128
512.1639321
480.8866705
451.5326383
423.9688172
398.1010717
373.8116727
351.0220741
329.6230247
309.5641816
290.7498104
273.1128131
256.604927
241.1633514
226.7468025
213.3290697
200.886572
189.418002
178.9400553
169.492977
161.1514305
154.0217827
148.2525705
144.0374918
141.6104903
141.2366861
143.1954356
147.7596025
155.1784471
165.6709675
179.4363801
