43754.44048
30917.42107
25251.54916
21876.52258
19587.90481
17893.08713
16573.03951
15511.55086
14624.95723
13882.35378
13240.80494
12185.75114
11347.72827
10661.51618
10087.96697
9593.227665
8969.757058
8452.661792
7881.508863
7410.839248
7011.696569
6594.054023
6180.419322
5784.393694
5421.742081
5122.614702
4810.608219
4526.587905
4269.710616
4002.688812
3764.42097
3542.721591
3330.843438
3133.844821
2939.705727
2751.511315
2576.375318
2409.886727
2258.136293
2118.807006
1994.819178
1881.35709
1773.711913
1669.30449
1571.495752
1480.018696
1388.729649
1309.914462
1238.658014
1172.523598
1109.64228
1049.848017
986.8916804
922.3630297
857.4032159
795.4691043
745.1428443
700.5312336
661.934661
624.5745034
589.0127658
546.4073861
501.5471507
464.0871451
431.238403
402.9856138
381.2312816
358.1564711
338.2889831
322.5453586
306.2915963
286.161622
267.1348325
250.9394656
230.7677453
212.6030572
198.6986132
192.2299454
193.2477241
198.00244
205.2546153
214.3157104
223.8884616
229.9077199
236.1089041
245.0084527
255.527324
269.5117508
293.2994745
323.4514059
357.5566742
