0.2689262261
0.1900405101
0.1552169853
0.1343765101
0.1201280281
0.1096152927
0.1014296727
0.09480350499
0.08936596656
0.08477469771
0.08084080271
0.07436336945
0.06925548957
0.06505155217
0.06153384682
0.05856764315
0.05484131178
0.05175430967
0.04835309057
0.04557703635
0.04322523152
0.04069837377
0.03818620681
0.03575701963
0.03348862074
0.03157441717
0.02959590352
0.02777621122
0.02615268095
0.02449026815
0.02304542954
0.02168088745
0.02037684037
0.01919481058
0.01801996985
0.0169038748
0.01588781122
0.01489700884
0.0139499949
0.01304420714
0.01220030813
0.01139546508
0.01069424756
0.01006503888
0.009498723158
0.008972829919
0.008474656452
0.007980691812
0.007508775913
0.007043017725
0.006614824938
0.006170546273
0.005749520086
0.005358747564
0.005010834025
0.00471220675
0.004457556435
0.004273980273
0.004100952491
0.003957104574
0.003869637755
0.003840187402
0.00383488192
0.003847011381
0.003894401683
0.003924911005
0.003980713515
0.004061597646
0.004190245691
0.004361487329
0.004572681746
0.004829125269
0.00511514142
0.005435358383
0.005784948365
0.006156681633
0.006551388304
0.006979830362
0.007440888651
0.007877779123
0.00830832411
0.008811063557
0.009380480883
0.01003495599
0.01077826729
0.01157353285
0.01241796869
0.01325533517
0.014104307
0.01492409599
0.01587341891
