0.006985780441
0.01397156088
0.02095734132
0.02794312176
0.0349289022
0.04191468265
0.04890046309
0.05588624353
0.06287202397
0.06985780441
0.07684358485
0.09081514573
0.1047867066
0.1187582675
0.1327298284
0.1467013893
0.1676587306
0.1886160719
0.2165591937
0.2445023154
0.2724454372
0.3073743394
0.349289022
0.3981894851
0.4540757287
0.5099619722
0.5798197766
0.6566633614
0.7404927267
0.8452794333
0.9570519204
1.082795968
1.229497358
1.390170308
1.57878638
1.795345573
2.032862108
2.305307545
2.612681885
2.961970907
3.360160392
3.814236121
4.324198093
4.904017869
5.560681231
6.308159738
7.160424952
8.117476872
9.207258621
10.44374176
11.84788363
13.43365579
15.24297292
17.28980659
19.6090857
22.24272492
25.22565317
28.62074247
32.46292171
36.8220487
41.76798126
47.37057717
53.73462315
60.95093435
69.13826902
78.42237123
88.95692813
100.9026127
114.4620125
129.8307295
147.2672375
167.0509677
189.4823087
214.9315068
243.8037374
276.5460903
313.6894849
355.8207268
403.6104508
457.8270928
519.3159322
589.0619641
668.1829134
757.9292347
859.7260273
975.200978
1106.177375
1254.750954
1423.282907
1614.441803
1831.287414
