43923.95147
31042.31638
25341.42358
21944.35842
19626.57993
17915.89466
16586.47241
15514.92751
14627.39634
13876.60145
13230.69152
12170.28377
11329.79314
10642.39813
10066.63408
9575.227577
8956.74818
8444.461332
7880.808358
7416.78825
7026.130948
6614.863017
6205.27353
5811.755989
5442.358291
5135.486688
4816.18592
4525.616317
4261.752212
3988.852161
3748.693583
3524.309544
3307.37383
3110.375895
2918.670384
2736.986375
2572.128769
2415.362515
2268.839012
2130.869556
2000.63432
1877.779434
1763.585193
1656.053536
1555.205988
1460.167171
1370.525569
1287.209918
1208.645983
1134.858952
1065.508451
1000.667118
939.4295006
882.1040977
828.3364423
777.8002584
730.4245572
685.805675
644.0298758
604.8138426
568.0059303
533.5181419
501.1239808
470.7637691
442.3070628
415.6656221
390.7294579
367.432112
345.6798658
325.4441344
306.6567922
289.2871304
273.3331086
258.7911574
245.6940668
234.1062347
224.114795
215.8477445
209.4683469
205.1750083
203.1978546
203.7851412
207.1944877
213.6795722
223.4835479
236.8417577
253.9876407
275.1740815
300.6869478
330.863099
366.1129878
