0.268516972
0.1900466217
0.1550014804
0.1341920963
0.120004321
0.1095403045
0.1013934673
0.09481484776
0.08934002306
0.08475172174
0.08080549124
0.07429073988
0.06917685566
0.06497016048
0.0614492603
0.05843925492
0.05466701682
0.05156182211
0.04812243785
0.04528746502
0.0428946829
0.04037926206
0.0378647635
0.03547279273
0.03325222804
0.03139162186
0.02945540712
0.02769218713
0.02609267178
0.02441378055
0.02292470048
0.02153830461
0.02020156744
0.01896918004
0.01776375995
0.0166542763
0.01563492878
0.01465775754
0.01374890418
0.01289584653
0.01209130105
0.01136544734
0.01070853954
0.01008620545
0.009542175
0.009040153312
0.008572638611
0.008115470974
0.007677718784
0.007238126406
0.006819252753
0.006415400778
0.005999358581
0.005621895206
0.005263602245
0.004917980663
0.004606634107
0.004370334362
0.004194315149
0.004052749723
0.003982708975
0.003920526359
0.003872508224
0.003821575385
0.00375228271
0.003690183093
0.003638172031
0.003619025601
0.003622880366
0.003682543281
0.003780784907
0.003907987487
0.004047280157
0.004204639026
0.004398482811
0.00464171844
0.00491051424
0.005211166923
0.005563265567
0.005954052454
0.006367266564
0.006754832513
0.007074147009
0.007334248591
0.007586284831
0.007809097515
0.007975392399
0.008023985391
0.007995562614
0.007913034892
0.007583649517
