0.2687723024
0.1900997754
0.1552549964
0.1343714283
0.1202095217
0.1097481149
0.1016510153
0.09513283137
0.08973819532
0.08515616498
0.08121907787
0.07473165002
0.069546663
0.06525479224
0.06163422591
0.05854959496
0.05468121479
0.05150588579
0.04801242989
0.04518770748
0.04285129645
0.04040482448
0.03795473474
0.03558468172
0.03337822395
0.03154041385
0.02958316809
0.02779139248
0.0261690198
0.0244956153
0.02300361306
0.0216105073
0.02027632209
0.01906610567
0.01791062337
0.0168009637
0.01578193734
0.01479003202
0.01385840582
0.01301483207
0.01223874271
0.01151411679
0.01086390993
0.01024887063
0.009663177625
0.0090716042
0.008511486131
0.00795823556
0.007463917362
0.007025842776
0.006642040598
0.006290735826
0.005993270719
0.005672654136
0.005369489849
0.005075772304
0.004773000851
0.004442869671
0.004156321044
0.003935955393
0.003760258974
0.00362250566
0.003546736602
0.003509345394
0.003504652017
0.003480089304
0.003458997135
0.003466254096
0.00350894232
0.003549570992
0.003617585187
0.003710212233
0.003824089728
0.003951614517
0.004082795655
0.004223951436
0.00436375701
0.004513400903
0.004664408745
0.004862570794
0.00514222936
0.0055351796
0.006048146048
0.006658374126
0.00733385014
0.008011918226
0.008672369886
0.009267959341
0.009675346404
0.009995031345
0.01007625093
