43765.78861
30895.14103
25250.38442
21868.90913
19543.91373
17836.99954
16513.28429
15448.66966
14566.45295
13828.73982
13192.06297
12136.8031
11295.39497
10611.29972
10036.34451
9541.976955
8918.254076
8403.762034
7839.716202
7374.593494
6980.581365
6571.465302
6164.93305
5775.0258
5407.970044
5104.228716
4787.129221
4497.515449
4238.172126
3969.105835
3733.637287
3515.894078
3304.591118
3111.851333
2927.091031
2748.618211
2577.603157
2416.763293
2263.817848
2113.356136
1976.032866
1851.839967
1740.469502
1637.660187
1542.001451
1452.24501
1369.320923
1291.029778
1209.783574
1125.147516
1052.764457
986.1919652
919.5296654
864.1970074
823.0369703
782.6207786
744.9734804
706.3421734
670.5040768
631.9071314
595.5367222
559.6354799
523.1821668
492.3238303
463.9955768
436.4504133
411.6315979
386.710975
364.9123199
346.5411039
334.3795521
321.0449531
311.6910601
303.8425826
297.2652592
284.8367953
271.8581358
256.1429568
239.6856663
226.2380415
216.0074912
211.5853407
209.308397
212.6118476
220.3351122
231.8442026
237.2922703
239.0904079
240.7089657
244.3806855
256.1487686
