0.3058304766
0.2032041106
0.1622083699
0.1388437405
0.1233012082
0.1120167461
0.1033479764
0.09642036631
0.09072024183
0.08592360161
0.08181469356
0.07510240732
0.06980986109
0.06549832504
0.06189802758
0.05883277825
0.05498424462
0.05180397014
0.04831216376
0.04544302226
0.04303109602
0.04049528371
0.03797306878
0.03555270878
0.03328313167
0.03139941398
0.02944096011
0.02766005471
0.02604387952
0.02437337999
0.0229041414
0.02153211337
0.02020628178
0.01900287314
0.01783234198
0.01672353792
0.01571792527
0.01476217288
0.01386938676
0.01302927242
0.0122368549
0.01149001507
0.0107965689
0.01014442852
0.009533797877
0.008959472113
0.008419095862
0.007918397651
0.007448074431
0.007008498611
0.006597898919
0.006216991412
0.005860822727
0.005531626096
0.005227833214
0.004948174812
0.004692912573
0.004460641756
0.004252656204
0.004068420442
0.003908195467
0.00377256536
0.003661615163
0.003576069707
0.003516325683
0.003482771649
0.003475607952
0.003494888716
0.003540516105
0.003612128889
0.003709368454
0.003831783565
0.003978808763
0.004150108654
0.004345368495
0.004564326286
0.00480703264
0.005073621157
0.005364439172
0.005680062529
0.006021103434
0.00638849379
0.006783338132
0.007206826961
0.007660350258
0.008145509298
0.00866397719
0.009217697808
0.009808722512
0.01043924377
0.01111173357
