43905.78056
30931.05408
25223.82111
21830.98052
19519.02811
17814.01026
16489.72522
15422.75418
14539.28631
13792.11297
13149.44758
12094.61195
11258.74307
10575.25551
10002.84885
9514.366646
8899.642384
8390.527316
7830.42715
7369.380912
6981.261698
6572.700169
6165.84201
5774.983864
5408.115893
5103.37223
4786.31337
4497.811169
4235.849662
3964.946046
3726.572091
3503.882659
3288.614461
3093.159937
2902.987848
2722.791121
2559.317211
2403.902741
2258.680613
2121.976652
1992.978746
1871.336792
1758.317795
1651.943415
1552.234771
1458.326257
1369.811666
1287.607145
1210.158386
1137.490163
1069.266783
1005.558575
945.4752076
889.3186866
836.7399226
787.4182962
741.2825728
697.9376402
657.4646343
619.5852609
584.1489641
551.065763
520.1122228
491.2239679
464.2675924
439.1481574
415.7480515
393.9878241
373.7589337
355.0088262
337.6422511
321.5911654
306.8045481
293.2182055
280.7872047
269.4791856
259.2634328
250.1270125
242.0702515
235.110446
229.2890985
224.669439
221.3446362
219.4418607
219.1242154
220.5936907
224.0913667
229.8967017
238.3237231
249.7166102
264.449099
