0.2779254889
0.1920485265
0.1555701077
0.1341888877
0.119732124
0.1091230933
0.1009112216
0.09431154913
0.08885741994
0.08425171404
0.08029508542
0.07381009088
0.06867886833
0.06448771679
0.06098072048
0.0579899533
0.05422877941
0.05111576973
0.04769295713
0.04487689814
0.04250720724
0.04001356319
0.03753113028
0.03514702809
0.03290983697
0.03105187647
0.02911917849
0.02736083498
0.02576446371
0.02411379898
0.02266150226
0.02130489612
0.01999362623
0.01880316852
0.0176450175
0.01654777297
0.01555253535
0.01460658593
0.01372295172
0.01289150055
0.0121073691
0.01136852736
0.01068277702
0.01003824122
0.009435213822
0.008868663538
0.008336401922
0.007844211635
0.007383111492
0.006953679617
0.006554429633
0.006186327562
0.00584491891
0.00553273173
0.005248679875
0.004992046677
0.004763578289
0.00456257374
0.004390706799
0.004248028437
0.004135220218
0.004053060932
0.004001887597
0.003982233704
0.003994250043
0.004037852401
0.004112767652
0.004218464105
0.004354465054
0.004519942194
0.004714460658
0.004937586777
0.00518887049
0.00546837998
0.005776263602
0.006112784507
0.006478687644
0.006874820379
0.007302324631
0.007762653997
0.008257299364
0.008788212103
0.009357602588
0.009967833836
0.01062160612
0.01132199789
0.01207229212
0.0128762956
0.01373813995
0.01466237208
0.01565420749
